4.874455545911023924e-01 6.411598345412126143e-01 6.388584222229947152e-01 5.135233406396267908e-01 6.411598345412126143e-01 6.394141730464560913e-01 5.423667291989530126e-01 6.411598345412126143e-01 6.384488496225483312e-01 5.352924369840236229e-01 6.411598345412126143e-01 6.396517323744554950e-01
1.272594400469241993e+00 1.513682620903275877e+00 1.507424770104055511e+00 1.257984527187025137e+00 1.513682620903275877e+00 1.504805497977673712e+00 1.264803626526595171e+00 1.513682620903275877e+00 1.504075668437942825e+00 1.396490274932029374e+00 1.513682620903275877e+00 1.510770395938188182e+00
1.517802355154545646e+00 1.627439047333871791e+00 1.632778796625798945e+00 1.520973655430918337e+00 1.627439047333871791e+00 1.632041812870661079e+00 1.535359773227828573e+00 1.627439047333871791e+00 1.633375930209897575e+00 1.548456580797428206e+00 1.627439047333871791e+00 1.630062795517155383e+00
1.212978165122399865e+00 1.431957396021245277e+00 1.430246078110540386e+00 1.198534280431956534e+00 1.431957396021245277e+00 1.421829572940442876e+00 1.237442351946643315e+00 1.431957396021245277e+00 1.417464703357968370e+00 1.299968721671392435e+00 1.431957396021245277e+00 1.413458606598011480e+00
1.721803141964354245e+00 1.931959976854036753e+00 1.926643119907393231e+00 1.613739015595575088e+00 1.931959976854036753e+00 1.921423711150485714e+00 1.785227373069010914e+00 1.931959976854036753e+00 1.929042427631558976e+00 1.698121594512307597e+00 1.931959976854036753e+00 1.925212667062825789e+00
4.753778390527418352e-01 6.918500864638573722e-01 6.831137193036691535e-01 5.108693673813667901e-01 6.918500864638573722e-01 6.876978556392099318e-01 5.520279155151449624e-01 6.918500864638573722e-01 6.866333529007403458e-01 5.413491741607927565e-01 6.918500864638573722e-01 6.848264209219139254e-01
1.363019576311899517e+00 1.639110140348875477e+00 1.627260824982181830e+00 1.345572561302687431e+00 1.639110140348875477e+00 1.628003031946646528e+00 1.406416110321865975e+00 1.639110140348875477e+00 1.628333024513579641e+00 1.381387744840322451e+00 1.639110140348875477e+00 1.631436107183579232e+00
1.375825000864386416e+00 1.340931872752416654e+00 1.353612847616450177e+00 1.313928050201303988e+00 1.340931872752416654e+00 1.350434877776979015e+00 1.333856892355100854e+00 1.340931872752416654e+00 1.352043973308926894e+00 1.316348938653900458e+00 1.340931872752416654e+00 1.350442421399801418e+00
1.803095484169738416e+00 1.777123181592419110e+00 1.786526384632908693e+00 1.765952246908670586e+00 1.777123181592419110e+00 1.779805121043969818e+00 1.767340303179751215e+00 1.777123181592419110e+00 1.779434503685990432e+00 1.798243364435929470e+00 1.777123181592419110e+00 1.776200221420946024e+00
1.506554397212800378e+00 1.543723533823335492e+00 1.545767301374263658e+00 1.506597889163268755e+00 1.543723533823335492e+00 1.544349439961755666e+00 1.498262678494574507e+00 1.543723533823335492e+00 1.542654359279854059e+00 1.511786766319449304e+00 1.543723533823335492e+00 1.542505201029040318e+00
1.521145247970467018e+00 1.556675710821754599e+00 1.558573501827443808e+00 1.522848567120393737e+00 1.556675710821754599e+00 1.563435657252356226e+00 1.512953674263051607e+00 1.556675710821754599e+00 1.563722568293977710e+00 1.506163875569400901e+00 1.556675710821754599e+00 1.561421305249670155e+00
1.855774221464218998e+00 1.871815019128442392e+00 1.878322655726515578e+00 1.832932200946035151e+00 1.871815019128442392e+00 1.875005516163975150e+00 1.807475653729403664e+00 1.871815019128442392e+00 1.876065299319423563e+00 1.905504344905690317e+00 1.871815019128442392e+00 1.871652061211386053e+00
1.317628384937670427e+00 1.331543736134904066e+00 1.337928637171468926e+00 1.324362386743936471e+00 1.331543736134904066e+00 1.341249798397901927e+00 1.264168516674022635e+00 1.331543736134904066e+00 1.336917275590392418e+00 1.406458918005553116e+00 1.331543736134904066e+00 1.343866872919792677e+00
6.148208816305456015e-01 6.207040620101687001e-01 6.233717305495567462e-01 6.601584193071871054e-01 6.207040620101687001e-01 6.255081479456482407e-01 6.640449421298394439e-01 6.207040620101687001e-01 6.262866848825078270e-01 6.492048978420514871e-01 6.207040620101687001e-01 6.268285042275493213e-01
5.835009144362510725e-01 6.056446213909578713e-01 6.000911118419066659e-01 5.722788920937091905e-01 6.056446213909578713e-01 5.995877352449193731e-01 5.800523598335177722e-01 6.056446213909578713e-01 5.986208485638796484e-01 6.034054852607942943e-01 6.056446213909578713e-01 6.004929316932789973e-01
1.728350905461337517e+00 1.786553050437923451e+00 1.787389347612184265e+00 1.703471062419233961e+00 1.786553050437923451e+00 1.786646061910858396e+00 1.711257065171683855e+00 1.786553050437923451e+00 1.785894475171909912e+00 1.753603681649934520e+00 1.786553050437923451e+00 1.792278421629306395e+00
1.650583174466829117e+00 1.658100695480298370e+00 1.658324355347492451e+00 1.623970193691110175e+00 1.658100695480298370e+00 1.656161006399594626e+00 1.672372382266654967e+00 1.658100695480298370e+00 1.655551498189005821e+00 1.633987107205134626e+00 1.658100695480298370e+00 1.656682384254319240e+00
5.540829659774010318e-01 6.159829098923769175e-01 6.197470997224043820e-01 5.593325978686116695e-01 6.159829098923769175e-01 6.239964609061113832e-01 5.571524408665055050e-01 6.159829098923769175e-01 6.226710127997699962e-01 5.449984757146366654e-01 6.159829098923769175e-01 6.210227484214490001e-01
1.735265957125120106e+00 1.844790565078712419e+00 1.844671757733161943e+00 1.759088047353792206e+00 1.844790565078712419e+00 1.847171398720223179e+00 1.794627438642540040e+00 1.844790565078712419e+00 1.847477506117718216e+00 1.773593002069034918e+00 1.844790565078712419e+00 1.851395128659431011e+00
2.903408880233480649e-01 3.848569175524506614e-01 3.862064482412000954e-01 3.908567207039626012e-01 3.848569175524506614e-01 3.889864493687061331e-01 3.619497104849301872e-01 3.848569175524506614e-01 3.889454075051544391e-01 3.826950025105118613e-01 3.848569175524506614e-01 3.888556637876497413e-01
8.565375994144621696e-01 1.199029407454821339e+00 1.191150284921561830e+00 8.283567717893544069e-01 1.199029407454821339e+00 1.190641559784131998e+00 8.497083796447116866e-01 1.199029407454821339e+00 1.190503091223624521e+00 8.652440123880626999e-01 1.199029407454821339e+00 1.189287880220825100e+00
1.026893024280633560e+00 9.814277865914234900e-01 9.875447835908465199e-01 9.768281769605070552e-01 9.814277865914234900e-01 9.862734659068255194e-01 9.746723814049578216e-01 9.814277865914234900e-01 9.842781445049569866e-01 9.912599770606412841e-01 9.814277865914234900e-01 9.877734194098302112e-01
1.479673246054634017e+00 1.439339173039471786e+00 1.445040451116816227e+00 1.430207117788765636e+00 1.439339173039471786e+00 1.441280204178081448e+00 1.392685474614384411e+00 1.439339173039471786e+00 1.442685377332280305e+00 1.446674068189127249e+00 1.439339173039471786e+00 1.441491445619463851e+00
1.096402742976106959e+00 1.272406335917561693e+00 1.263674807464171268e+00 1.059541411186649462e+00 1.272406335917561693e+00 1.262437093160449164e+00 1.076854302047959511e+00 1.272406335917561693e+00 1.266282846640490289e+00 1.085864929865948847e+00 1.272406335917561693e+00 1.266315200685300901e+00
5.676083852900644100e-01 4.365747261083260944e-01 4.435284496352477901e-01 4.730216021296972384e-01 4.365747261083260944e-01 4.407997571750916221e-01 6.126898169917107673e-01 4.365747261083260944e-01 4.447659247530209581e-01 5.316242178460410805e-01 4.365747261083260944e-01 4.436092270899394951e-01
1.073611744032981319e+00 1.158361611546203651e+00 1.160411990967038509e+00 1.049230583062347177e+00 1.158361611546203651e+00 1.161757035767397417e+00 1.041136675526596500e+00 1.158361611546203651e+00 1.161822715608449963e+00 1.016768564381403284e+00 1.158361611546203651e+00 1.161890361780713921e+00
1.207161462306135302e+00 1.292882602558895977e+00 1.306236740376778727e+00 1.174453674718670459e+00 1.292882602558895977e+00 1.303155422877277703e+00 1.199489396943658859e+00 1.292882602558895977e+00 1.300809734351012548e+00 1.231037581974682826e+00 1.292882602558895977e+00 1.299613308957656921e+00
8.265590838747195468e-01 8.214666453670749213e-01 8.230803376321582654e-01 8.255726332352972818e-01 8.214666453670749213e-01 8.223201418782611904e-01 7.998914147858925405e-01 8.214666453670749213e-01 8.237914030881688943e-01 8.343926673941576277e-01 8.214666453670749213e-01 8.214606173938105993e-01
7.708047434853997348e-01 7.254988436708356137e-01 7.301107765502086178e-01 7.172732127571965766e-01 7.254988436708356137e-01 7.294593215588289770e-01 7.103759534349004534e-01 7.254988436708356137e-01 7.285266954142088913e-01 7.410996813881813861e-01 7.254988436708356137e-01 7.316465842273931486e-01
1.508263275285724347e+00 1.553245562015208137e+00 1.563229693175403057e+00 1.495242051409414463e+00 1.553245562015208137e+00 1.563117807818144023e+00 1.548870018665776449e+00 1.553245562015208137e+00 1.560328172766185517e+00 1.646770072718501288e+00 1.553245562015208137e+00 1.560375856543056106e+00
2.189488290759046274e-01 2.644126880348388609e-01 2.601398614528930842e-01 2.420317591691961423e-01 2.644126880348388609e-01 2.653033255074941366e-01 2.575648745141904672e-01 2.644126880348388609e-01 2.627616854893470300e-01 2.742239423307518686e-01 2.644126880348388609e-01 2.640293106721242622e-01
1.052026900390119701e+00 1.074901705179237110e+00 1.079386256835304758e+00 1.086606787408128438e+00 1.074901705179237110e+00 1.082990143363360414e+00 1.081230327461150331e+00 1.074901705179237110e+00 1.081346951783439536e+00 1.068046181506860703e+00 1.074901705179237110e+00 1.080648284804730741e+00
1.848823521360139610e+00 1.929123816655622825e+00 1.936019213227176294e+00 1.993306433337054928e+00 1.929123816655622825e+00 1.939263785957185293e+00 1.939000069634951862e+00 1.929123816655622825e+00 1.941262828040296817e+00 1.938646426517975918e+00 1.929123816655622825e+00 1.939215584964474548e+00
1.702056553048405529e+00 1.786768336506851407e+00 1.781629400874154667e+00 1.821666971246320932e+00 1.786768336506851407e+00 1.782704515711163173e+00 1.732952978464290972e+00 1.786768336506851407e+00 1.781591702736963212e+00 1.778312450583576787e+00 1.786768336506851407e+00 1.779421963685018371e+00
7.854893614792245460e-01 7.861537328311487549e-01 7.781747141727297645e-01 7.499640236629109280e-01 7.861537328311487549e-01 7.844235582961064379e-01 7.735069867652168973e-01 7.861537328311487549e-01 7.810227179911596318e-01 7.586162529379602004e-01 7.861537328311487549e-01 7.843372950794740284e-01
1.004784286051862763e+00 1.127814511372684958e+00 1.122360698482836927e+00 1.010405331096817516e+00 1.127814511372684958e+00 1.121094447740177413e+00 1.018153792981185912e+00 1.127814511372684958e+00 1.126189934941836279e+00 1.023136470460777714e+00 1.127814511372684958e+00 1.122946039333787116e+00
1.936870653664959363e+00 2.035611488260540280e+00 2.043184169858160981e+00 1.924120575543475375e+00 2.035611488260540280e+00 2.039666016208558919e+00 1.863887124843691012e+00 2.035611488260540280e+00 2.043836217661201715e+00 1.872760091071852706e+00 2.035611488260540280e+00 2.042475878647016962e+00
1.127939435100021370e+00 1.188453221876433208e+00 1.195776715196186890e+00 1.136037901748397694e+00 1.188453221876433208e+00 1.194107736162574707e+00 1.110292140415913620e+00 1.188453221876433208e+00 1.193366571349236960e+00 1.173001356145833229e+00 1.188453221876433208e+00 1.196232756761311133e+00
7.540267528108212103e-01 7.828343617168398438e-01 7.817801598588303147e-01 7.477605920229913883e-01 7.828343617168398438e-01 7.837078246205437804e-01 7.541040006021026976e-01 7.828343617168398438e-01 7.819006496057645528e-01 7.519683717691237890e-01 7.828343617168398438e-01 7.807751285120312357e-01
9.741171238019318279e-01 1.022427098048863003e+00 1.026051082910719670e+00 1.006398088026868143e+00 1.022427098048863003e+00 1.026392438912329563e+00 9.472150718271117320e-01 1.022427098048863003e+00 1.021363998949309071e+00 9.711779656190746568e-01 1.022427098048863003e+00 1.022868366783291183e+00
1.156872615304387342e+00 1.519374120882294843e+00 1.526139234259802802e+00 1.213970752984422141e+00 1.519374120882294843e+00 1.524724876833277509e+00 1.211205348347969668e+00 1.519374120882294843e+00 1.524867612805081762e+00 1.278154804784235488e+00 1.519374120882294843e+00 1.526168304357407468e+00
1.060071355867441945e+00 1.017519339066065065e+00 1.022097807683943538e+00 1.030509364833571251e+00 1.017519339066065065e+00 1.023165081768995455e+00 1.103876796617026868e+00 1.017519339066065065e+00 1.026321848162035977e+00 1.052275193857139746e+00 1.017519339066065065e+00 1.024137328249113743e+00
1.427420581536588129e+00 1.425661734513763212e+00 1.445029443946824754e+00 1.439637763817136484e+00 1.425661734513763212e+00 1.447062842934969007e+00 1.413862844636051497e+00 1.425661734513763212e+00 1.446705509980974913e+00 1.406528341423396888e+00 1.425661734513763212e+00 1.450931218573713766e+00
1.724153393883703700e+00 1.804111193990665996e+00 1.808455124019642923e+00 1.732899266364719137e+00 1.804111193990665996e+00 1.805289594183413060e+00 1.659006418002257233e+00 1.804111193990665996e+00 1.803729172720575091e+00 1.668377437369093386e+00 1.804111193990665996e+00 1.799998062741808402e+00
9.551031469383668426e-01 9.270259292270648377e-01 9.243400804327384090e-01 9.154136682013531701e-01 9.270259292270648377e-01 9.264571754550622318e-01 9.069590441947795734e-01 9.270259292270648377e-01 9.264935659495977527e-01 9.271348740298411828e-01 9.270259292270648377e-01 9.263903857199801140e-01
1.586878237670454217e+00 1.671878676313593770e+00 1.680663731918546899e+00 1.593040734217677334e+00 1.671878676313593770e+00 1.680246536007759195e+00 1.699024534913035511e+00 1.671878676313593770e+00 1.684166326461084662e+00 1.576822384318002701e+00 1.671878676313593770e+00 1.681381443556366095e+00
6.845327837183458053e-01 5.860057707236004942e-01 5.869560642860491839e-01 6.175466272034809689e-01 5.860057707236004942e-01 5.891652689524565778e-01 6.464026015147762427e-01 5.860057707236004942e-01 5.918027766970730408e-01 6.285648423387837358e-01 5.860057707236004942e-01 5.935301783079446336e-01
1.480107172191630571e+00 1.586999040867808963e+00 1.573434224164200312e+00 1.621948653451470213e+00 1.586999040867808963e+00 1.581870279151881942e+00 1.552575992136581817e+00 1.586999040867808963e+00 1.580421421553972916e+00 1.563302919923017065e+00 1.586999040867808963e+00 1.582489561773487763e+00
9.511281146550075727e-01 8.889970769362999237e-01 8.939817138661216855e-01 9.052919881468702856e-01 8.889970769362999237e-01 8.930203480916922842e-01 9.242241210391360928e-01 8.889970769362999237e-01 8.957849000621050939e-01 9.019086241953657712e-01 8.889970769362999237e-01 8.919207283820639320e-01
1.775810357412451967e+00 1.871991816254490404e+00 1.853702850746713704e+00 1.746521138003755080e+00 1.871991816254490404e+00 1.860362838193483137e+00 1.722784928127645498e+00 1.871991816254490404e+00 1.854754405483654445e+00 1.758469160116868268e+00 1.871991816254490404e+00 1.843643884105002684e+00
7.371891196268309798e-01 7.918532515834776353e-01 7.903818151607624465e-01 7.980987343150099944e-01 7.918532515834776353e-01 7.907071594473671361e-01 8.127387483580381655e-01 7.918532515834776353e-01 7.937531587251884790e-01 8.255118998412553921e-01 7.918532515834776353e-01 7.925870497937829162e-01
1.498976210596079994e+00 1.610127907815481541e+00 1.617740806494597505e+00 1.552120799332552092e+00 1.610127907815481541e+00 1.613806473404411301e+00 1.537138506784681002e+00 1.610127907815481541e+00 1.616140895506204878e+00 1.543621110106742078e+00 1.610127907815481541e+00 1.618145019384893857e+00
1.158916088151835222e+00 1.190551197870288958e+00 1.201204314900301107e+00 1.154550107009476356e+00 1.190551197870288958e+00 1.198109372326728872e+00 1.160875336159535420e+00 1.190551197870288958e+00 1.197187738855633343e+00 1.107388151275125354e+00 1.190551197870288958e+00 1.196612770225578881e+00
7.241049697034307453e-01 7.500475781289901445e-01 7.577976132548595034e-01 7.721592997771813405e-01 7.500475781289901445e-01 7.576472892589897201e-01 7.781717583389630155e-01 7.500475781289901445e-01 7.577994865162119842e-01 7.292169180482621638e-01 7.500475781289901445e-01 7.563265593965021738e-01
8.056315009320551557e-01 8.180145915431906722e-01 8.235941350123554550e-01 7.881969650272596661e-01 8.180145915431906722e-01 8.252992166141296382e-01 8.171444262903211353e-01 8.180145915431906722e-01 8.247215485528607282e-01 8.465567742462729584e-01 8.180145915431906722e-01 8.242345991219887091e-01
1.361342911321994587e+00 1.414603586981050265e+00 1.411431700738660755e+00 1.423133091907749170e+00 1.414603586981050265e+00 1.411503685641657846e+00 1.385979089966273836e+00 1.414603586981050265e+00 1.415989344261808780e+00 1.432724710224088982e+00 1.414603586981050265e+00 1.413502770999643054e+00
1.255447095848276184e+00 1.285327589022651429e+00 1.290693406742918992e+00 1.295108236335830609e+00 1.285327589022651429e+00 1.290458802115147074e+00 1.253673398421056850e+00 1.285327589022651429e+00 1.289395246480257606e+00 1.249248748998467828e+00 1.285327589022651429e+00 1.288807151779383986e+00
1.263682635461472969e+00 1.365945709240373063e+00 1.370169436266807761e+00 1.436145311596806806e+00 1.365945709240373063e+00 1.380791191836862053e+00 1.340144496574166899e+00 1.365945709240373063e+00 1.374081041802285297e+00 1.410430977807029862e+00 1.365945709240373063e+00 1.384004631758608106e+00
1.058981793434383256e+00 1.085772623182819085e+00 1.078630119107211405e+00 9.699214369866716590e-01 1.085772623182819085e+00 1.077498377376226557e+00 9.758441909894042254e-01 1.085772623182819085e+00 1.075241643469306618e+00 9.626537200721300147e-01 1.085772623182819085e+00 1.077288150137504452e+00
1.816941629606007469e+00 1.832270385674777069e+00 1.844868846163782328e+00 1.869537808856651218e+00 1.832270385674777069e+00 1.844359763471250302e+00 1.813029365577733198e+00 1.832270385674777069e+00 1.846139538017451454e+00 1.818528887255070670e+00 1.832270385674777069e+00 1.846866720511105120e+00
5.555340828146656529e-01 6.161139909143049653e-01 6.158035147292487688e-01 5.146866314523184105e-01 6.161139909143049653e-01 6.175128390715559634e-01 5.478322635380832306e-01 6.161139909143049653e-01 6.184249102351071503e-01 5.396753343452639351e-01 6.161139909143049653e-01 6.171935649923772083e-01
1.215070275148862233e+00 1.161272505114190556e+00 1.173881123134945748e+00 1.242567367675797563e+00 1.161272505114190556e+00 1.174027365079061136e+00 1.278789030817966355e+00 1.161272505114190556e+00 1.174000830176248567e+00 1.248642125302439343e+00 1.161272505114190556e+00 1.174388411847200775e+00
2.082387249175125521e-01 3.021302260118694516e-01 3.062653108302949567e-01 1.902212142392741834e-01 3.021302260118694516e-01 3.039973666247563489e-01 2.076482994173900476e-01 3.021302260118694516e-01 3.047475638983090929e-01 2.295224667110198902e-01 3.021302260118694516e-01 3.050794299225373374e-01
8.298438166120346571e-01 8.127460245137946293e-01 8.152264905147003082e-01 7.790446342529387946e-01 8.127460245137946293e-01 8.184876479066746091e-01 7.748421892158571245e-01 8.127460245137946293e-01 8.163733494012446190e-01 8.043408197623831413e-01 8.127460245137946293e-01 8.188101209329184949e-01
1.592307761074096550e+00 1.633012687059489432e+00 1.642431667175039411e+00 1.577979257318425255e+00 1.633012687059489432e+00 1.647070624521507209e+00 1.590325695673441064e+00 1.633012687059489432e+00 1.647239651222862644e+00 1.719415626459531277e+00 1.633012687059489432e+00 1.650711957642020389e+00
1.744314680916112970e+00 1.802611389567084776e+00 1.818947257397721007e+00 1.716760448864497857e+00 1.802611389567084776e+00 1.819324435907238913e+00 1.752783394048889054e+00 1.802611389567084776e+00 1.821170086103577557e+00 1.726530753517516725e+00 1.802611389567084776e+00 1.819022065668870036e+00
1.714525208097672726e+00 1.786471782856085211e+00 1.779518052453611165e+00 1.729254922951548590e+00 1.786471782856085211e+00 1.779118215115752522e+00 1.756097772073284657e+00 1.786471782856085211e+00 1.773657415182244845e+00 1.767653534942908111e+00 1.786471782856085211e+00 1.772902635300914520e+00
1.554071740868540719e+00 1.777077339854546967e+00 1.779057884465106376e+00 1.643290291930624702e+00 1.777077339854546967e+00 1.786316723916933302e+00 1.701495929052835088e+00 1.777077339854546967e+00 1.790078477469249307e+00 1.693357567224144322e+00 1.777077339854546967e+00 1.791097547354395525e+00
1.083993367207926051e+00 1.224083169020444117e+00 1.222412683356024043e+00 1.071471222579315707e+00 1.224083169020444117e+00 1.221707695997697796e+00 1.049609730769616833e+00 1.224083169020444117e+00 1.223337714369341578e+00 1.053668495395956528e+00 1.224083169020444117e+00 1.221083253183705919e+00
1.769603998993814153e+00 1.761741842109652456e+00 1.772485543611934888e+00 1.740929597841558207e+00 1.761741842109652456e+00 1.770764341446277479e+00 1.745894576958635591e+00 1.761741842109652456e+00 1.767959647539838031e+00 1.720525584324914314e+00 1.761741842109652456e+00 1.769923994824580182e+00
1.160764540821184410e+00 1.167302199097794091e+00 1.167896911041523822e+00 1.134746319035323303e+00 1.167302199097794091e+00 1.166642722204344063e+00 1.107890042946314324e+00 1.167302199097794091e+00 1.167549848450963434e+00 1.135541137376129939e+00 1.167302199097794091e+00 1.167004232107670347e+00
4.837317307645280229e-01 6.535068173906348754e-01 6.475200718272808853e-01 4.888286028967191998e-01 6.535068173906348754e-01 6.468743713104923021e-01 4.708560160884563417e-01 6.535068173906348754e-01 6.461165338185570484e-01 4.623192758232420041e-01 6.535068173906348754e-01 6.444952257943146190e-01
4.976402479627414221e-01 4.367185795809324644e-01 4.422533439970603997e-01 4.976014371840085659e-01 4.367185795809324644e-01 4.460519523931110175e-01 4.776073490797639876e-01 4.367185795809324644e-01 4.445480702583458066e-01 4.806708178090628447e-01 4.367185795809324644e-01 4.437969441522439662e-01
1.483333800365711275e+00 1.504987891732515015e+00 1.510264072819083703e+00 1.416013441811170726e+00 1.504987891732515015e+00 1.510159169579097238e+00 1.420874718185186181e+00 1.504987891732515015e+00 1.508293397492634469e+00 1.440946157579621856e+00 1.504987891732515015e+00 1.508762161114941991e+00
2.230822712261422147e-01 4.329763869145532573e-01 4.382106085534424045e-01 2.197074074706860392e-01 4.329763869145532573e-01 4.389492338790542125e-01 2.364979831409620703e-01 4.329763869145532573e-01 4.364108048371330706e-01 2.416811721722754158e-01 4.329763869145532573e-01 4.379367095352366124e-01
7.924629800010113412e-01 7.195019995542385471e-01 7.324284186091205573e-01 7.236933749258229742e-01 7.195019995542385471e-01 7.276506978675701953e-01 7.641509908566344045e-01 7.195019995542385471e-01 7.303641932326837560e-01 7.505481539380859379e-01 7.195019995542385471e-01 7.296939158655975088e-01
1.017876034020280818e+00 1.029180010213346375e+00 1.030930166263936965e+00 9.467106672306005999e-01 1.029180010213346375e+00 1.031698614333195874e+00 9.523877585076957475e-01 1.029180010213346375e+00 1.030922931837964018e+00 9.348704856326295332e-01 1.029180010213346375e+00 1.031978105331898599e+00
7.334617102151196333e-01 6.982960704147118669e-01 6.997446779953112594e-01 6.796223581254486890e-01 6.982960704147118669e-01 7.005864509963029008e-01 6.824356520862534525e-01 6.982960704147118669e-01 7.001486849547111646e-01 6.822578411758460915e-01 6.982960704147118669e-01 7.000605536916515437e-01
1.835898250848442936e+00 1.791106901752009373e+00 1.810341348480043688e+00 1.776834936275111021e+00 1.791106901752009373e+00 1.808807345508791187e+00 1.786249001265667102e+00 1.791106901752009373e+00 1.808781045105351648e+00 1.778644399860071612e+00 1.791106901752009373e+00 1.815504237094028861e+00
1.298290719537732230e+00 1.599217187012261343e+00 1.605043014054992057e+00 1.354469292140088488e+00 1.599217187012261343e+00 1.606227823827347079e+00 1.343530249891130346e+00 1.599217187012261343e+00 1.605590985402632898e+00 1.348871071313832770e+00 1.599217187012261343e+00 1.604250885238017288e+00
1.216708390020010189e+00 1.170257558289468758e+00 1.169743441591177158e+00 1.185651639525966194e+00 1.170257558289468758e+00 1.172123151683508668e+00 1.180029887393951205e+00 1.170257558289468758e+00 1.171084422291954308e+00 1.179100430259910848e+00 1.170257558289468758e+00 1.171741781839880536e+00
1.416155686682631920e+00 1.575360529864082704e+00 1.557812281570547075e+00 1.447552157697952424e+00 1.575360529864082704e+00 1.562872518882886252e+00 1.418670522908153320e+00 1.575360529864082704e+00 1.562154274548734900e+00 1.443021415111987116e+00 1.575360529864082704e+00 1.565046780841485630e+00
1.626950917702535859e+00 2.163653454086559513e+00 2.169494249368101091e+00 1.968893047425285925e+00 2.163653454086559513e+00 2.180436299409071133e+00 1.990073883301038293e+00 2.163653454086559513e+00 2.176980148569875428e+00 1.954365728403801850e+00 2.163653454086559513e+00 2.177558028642037069e+00
7.436752679773186436e-01 8.313778448290446432e-01 8.324913736470092029e-01 7.767642192857412420e-01 8.313778448290446432e-01 8.344994909534155791e-01 7.812474593872520412e-01 8.313778448290446432e-01 8.343903513537094252e-01 7.995022327766106995e-01 8.313778448290446432e-01 8.350586134277765415e-01
7.830694571566348960e-01 8.685094268673898554e-01 8.744330467057412903e-01 8.208669963938037828e-01 8.685094268673898554e-01 8.765671564068679977e-01 8.708127427646659147e-01 8.685094268673898554e-01 8.751709215272145403e-01 8.533088426669298565e-01 8.685094268673898554e-01 8.762487663974416474e-01
1.222915199222321947e+00 1.270013981695139904e+00 1.274665233430503752e+00 1.201584762846680032e+00 1.270013981695139904e+00 1.271637104125677764e+00 1.210249097070453361e+00 1.270013981695139904e+00 1.272774997097356087e+00 1.231865409382719712e+00 1.270013981695139904e+00 1.275975406374102672e+00
4.357192939095054229e-01 4.879370978001700276e-01 4.880275868513385684e-01 3.589608200169076557e-01 4.879370978001700276e-01 4.882578605399552907e-01 3.899487454491413763e-01 4.879370978001700276e-01 4.877472100794736365e-01 3.754649258411792978e-01 4.879370978001700276e-01 4.872089479122312938e-01
1.805872469376879952e+00 1.779901390753600321e+00 1.806328048141235376e+00 1.746324163348311531e+00 1.779901390753600321e+00 1.806843291861883083e+00 1.769332333601076890e+00 1.779901390753600321e+00 1.804227309335936669e+00 1.775426567198825634e+00 1.779901390753600321e+00 1.803002148155062434e+00
1.503981235958411267e+00 1.391883883757115026e+00 1.397894052348513494e+00 1.390271945569099055e+00 1.391883883757115026e+00 1.403572940842102934e+00 1.348133419175073788e+00 1.391883883757115026e+00 1.406193096756892302e+00 1.382260434861086962e+00 1.391883883757115026e+00 1.405126595017667235e+00
1.830357807131852699e+00 1.821325254357653245e+00 1.836227513365606967e+00 1.814831176239948940e+00 1.821325254357653245e+00 1.841610840417831518e+00 1.810353611390094875e+00 1.821325254357653245e+00 1.835617069943369595e+00 1.834406939644994017e+00 1.821325254357653245e+00 1.836334472634404857e+00
1.071678231625750044e+00 1.038823518992383121e+00 1.042261131901337956e+00 9.741676924936994997e-01 1.038823518992383121e+00 1.045209501215930148e+00 1.009251840465885453e+00 1.038823518992383121e+00 1.043187641855918280e+00 9.839147784261749186e-01 1.038823518992383121e+00 1.044470013667049946e+00
1.542935977776828560e+00 1.564397066444678464e+00 1.574478951586873121e+00 1.487522746734675438e+00 1.564397066444678464e+00 1.573008839985887697e+00 1.511710704140867056e+00 1.564397066444678464e+00 1.576305330932681104e+00 1.511609748774262796e+00 1.564397066444678464e+00 1.579917917271196570e+00
9.062330789691240840e-01 8.991285317548827205e-01 9.099493692037440296e-01 8.933633948639880806e-01 8.991285317548827205e-01 9.111408462970860267e-01 9.020630784102636746e-01 8.991285317548827205e-01 9.089661289045650738e-01 9.138893415875251058e-01 8.991285317548827205e-01 9.106740050986621426e-01
1.036741620842573264e+00 1.171362688884713288e+00 1.168615244311781431e+00 1.095969270233393411e+00 1.171362688884713288e+00 1.174018342655152702e+00 1.122448686852887345e+00 1.171362688884713288e+00 1.174696108159256402e+00 1.095167932145910461e+00 1.171362688884713288e+00 1.178325690968122785e+00
1.069401363101311508e+00 9.736702137254726885e-01 9.794185213596880990e-01 1.023325397802515857e+00 9.736702137254726885e-01 9.773815178697553563e-01 9.792145000947428679e-01 9.736702137254726885e-01 9.817699802162310752e-01 9.886044651930632199e-01 9.736702137254726885e-01 9.817229935288365184e-01
6.965621538442402505e-01 6.966144970584415841e-01 7.006606234128457400e-01 6.926302936275766653e-01 6.966144970584415841e-01 6.976856779681849252e-01 6.579022541261552171e-01 6.966144970584415841e-01 6.992563253537719126e-01 7.282149528046435449e-01 6.966144970584415841e-01 7.006087786332091394e-01
6.759745703277293405e-01 7.046261948061449676e-01 7.053431588043568290e-01 6.683112382727218748e-01 7.046261948061449676e-01 7.068560750108894286e-01 6.509195119564670229e-01 7.046261948061449676e-01 7.069935529192462598e-01 6.738429741626519309e-01 7.046261948061449676e-01 7.066497713252493096e-01
4.495331089668538338e-01 6.623237194525209981e-01 6.697634126374920616e-01 4.348758013444400383e-01 6.623237194525209981e-01 6.700510406586607237e-01 4.356099291243189509e-01 6.623237194525209981e-01 6.685248096979259369e-01 4.664546266462026858e-01 6.623237194525209981e-01 6.691227139892488296e-01
1.442444039496954655e+00 1.640378641597144860e+00 1.626129310005149708e+00 1.461666148429528800e+00 1.640378641597144860e+00 1.626623399532665104e+00 1.481770269800292139e+00 1.640378641597144860e+00 1.625985854988752255e+00 1.399184766142886227e+00 1.640378641597144860e+00 1.628898937416704884e+00
1.060163808840864696e+00 1.076544560667900052e+00 1.081628586464787878e+00 1.031442473315214325e+00 1.076544560667900052e+00 1.080694938009432837e+00 1.027527648532515547e+00 1.076544560667900052e+00 1.077663221979151986e+00 1.024066819610903512e+00 1.076544560667900052e+00 1.081486868153348269e+00
3.940464412782483938e-01 4.133701083137223398e-01 4.093423492658297969e-01 3.828271271969409528e-01 4.133701083137223398e-01 4.081786542957434039e-01 3.887066602808354476e-01 4.133701083137223398e-01 4.074621874083358963e-01 4.270149272287780406e-01 4.133701083137223398e-01 4.079818219736703333e-01
1.723037553418273360e+00 1.823279299882024196e+00 1.825272282156569004e+00 1.766120496304489196e+00 1.823279299882024196e+00 1.829090943334083619e+00 1.754901201873093619e+00 1.823279299882024196e+00 1.832182376492081044e+00 1.862340362083361844e+00 1.823279299882024196e+00 1.839253104512584835e+00
1.791785827799195818e+00 1.807788922701310419e+00 1.813561930837278346e+00 1.828120816149345629e+00 1.807788922701310419e+00 1.809237424217961188e+00 1.790863752877147164e+00 1.807788922701310419e+00 1.815272653185200369e+00 1.790816114670904957e+00 1.807788922701310419e+00 1.816584969527907933e+00
7.891829841606513574e-01 7.742859550259668655e-01 7.788554277554585736e-01 7.965748234968341723e-01 7.742859550259668655e-01 7.791421470059728405e-01 7.828726014117434184e-01 7.742859550259668655e-01 7.794473474076751840e-01 7.779289620983630416e-01 7.742859550259668655e-01 7.795309223118210840e-01
9.347523525618514073e-01 1.015386367471515783e+00 1.016619155231473393e+00 9.548652631081082642e-01 1.015386367471515783e+00 1.014824646842516609e+00 9.439072221542594843e-01 1.015386367471515783e+00 1.015036845325770321e+00 9.816076326246262473e-01 1.015386367471515783e+00 1.013448402703398310e+00
7.118506769515345889e-01 9.026001090543422922e-01 9.110074352397761199e-01 7.929087475123490769e-01 9.026001090543422922e-01 9.119644304719450867e-01 7.833787431278165236e-01 9.026001090543422922e-01 9.123266094366693224e-01 7.722521782772588939e-01 9.026001090543422922e-01 9.128992897265808537e-01
6.037210731104701855e-01 7.628459699392580173e-01 7.600039554418778209e-01 6.032921608710696271e-01 7.628459699392580173e-01 7.608990833038593582e-01 5.969851991253687373e-01 7.628459699392580173e-01 7.614018327434614042e-01 6.031099908181085656e-01 7.628459699392580173e-01 7.605134549486053386e-01
1.304290469439027378e+00 1.460322098228433507e+00 1.456475452548830374e+00 1.388205569036103038e+00 1.460322098228433507e+00 1.455089801553408835e+00 1.435433324574204805e+00 1.460322098228433507e+00 1.455871606989358913e+00 1.421105345098339967e+00 1.460322098228433507e+00 1.455124655058135374e+00
1.320774754723885946e+00 1.315660522545577527e+00 1.318344488948342441e+00 1.300586876700074557e+00 1.315660522545577527e+00 1.314887066143459071e+00 1.296511205295969305e+00 1.315660522545577527e+00 1.314426451634540083e+00 1.307883008028201788e+00 1.315660522545577527e+00 1.313244591116032867e+00
1.806683974335611564e+00 2.032784403706278553e+00 2.042327693722663096e+00 1.892312111731319968e+00 2.032784403706278553e+00 2.044078629071269582e+00 1.858781355179557115e+00 2.032784403706278553e+00 2.048715889797486422e+00 1.898421843676088017e+00 2.032784403706278553e+00 2.042322109629802540e+00
1.283118385674889117e+00 1.421962125685789280e+00 1.434189275196869451e+00 1.409029247330792156e+00 1.421962125685789280e+00 1.440368315437398739e+00 1.364952627756363945e+00 1.421962125685789280e+00 1.439157124623113626e+00 1.340407715868608074e+00 1.421962125685789280e+00 1.436932084345658334e+00
8.876516891838873713e-01 6.901005157982259552e-01 6.925849809854023320e-01 7.194738585077434800e-01 6.901005157982259552e-01 6.914211825249940713e-01 7.432923157331631225e-01 6.901005157982259552e-01 6.919533945967417665e-01 7.367490898185742321e-01 6.901005157982259552e-01 6.907669864755098255e-01
1.153534082328774968e+00 1.395506846848093785e+00 1.381433826264331088e+00 1.159867784134314794e+00 1.395506846848093785e+00 1.387931473001726257e+00 1.132594841982591749e+00 1.395506846848093785e+00 1.387269092871830534e+00 1.144610502810277097e+00 1.395506846848093785e+00 1.388079864418254150e+00
1.621184573717048716e+00 1.794112858406994526e+00 1.778607347876629552e+00 1.604693084757102595e+00 1.794112858406994526e+00 1.775268795665326804e+00 1.657291110811114132e+00 1.794112858406994526e+00 1.779198982831142750e+00 1.626037121324838797e+00 1.794112858406994526e+00 1.777505345878753973e+00
1.763862295157780036e+00 1.822599481197865856e+00 1.825899355299698934e+00 1.732208610194833520e+00 1.822599481197865856e+00 1.824503586295932456e+00 1.845610287991215737e+00 1.822599481197865856e+00 1.831529358573553923e+00 1.817223909725319775e+00 1.822599481197865856e+00 1.827960228418786137e+00
5.800262949999206441e-01 5.441244421669578779e-01 5.463068299681058670e-01 4.641319523672647329e-01 5.441244421669578779e-01 5.478081636579438252e-01 4.962077569274654931e-01 5.441244421669578779e-01 5.473196949110035181e-01 5.303458959584230747e-01 5.441244421669578779e-01 5.491648525886199117e-01
1.284675711170656820e+00 1.355582440806838429e+00 1.353167546304333335e+00 1.373331058048287145e+00 1.355582440806838429e+00 1.353999272788504404e+00 1.320440727315903118e+00 1.355582440806838429e+00 1.354051405805433150e+00 1.350770723346776059e+00 1.355582440806838429e+00 1.356716706887915569e+00
1.851139622918203997e+00 1.786040087278806920e+00 1.822985357355005664e+00 1.718515262265926546e+00 1.786040087278806920e+00 1.822253897390940791e+00 1.807447603936791047e+00 1.786040087278806920e+00 1.822647655125656518e+00 1.738450223505737080e+00 1.786040087278806920e+00 1.818365543224757852e+00
7.376897069135944784e-01 1.215321007655789876e+00 1.213359360530533282e+00 7.210472226297389708e-01 1.215321007655789876e+00 1.215174257704727312e+00 7.458670388595188827e-01 1.215321007655789876e+00 1.213958240391061150e+00 7.426449375845043388e-01 1.215321007655789876e+00 1.216071578261507469e+00
7.923725765106102159e-01 6.938400548441768789e-01 7.092718308593599641e-01 8.273050391216741906e-01 6.938400548441768789e-01 7.104691860018880201e-01 7.613461210288410275e-01 6.938400548441768789e-01 7.111807917673924617e-01 7.745760959421741365e-01 6.938400548441768789e-01 7.138026107383518282e-01
7.575876714254089483e-01 8.542765430493099998e-01 8.417571318147832882e-01 7.312917472501436755e-01 8.542765430493099998e-01 8.450079906285964393e-01 7.092238967343142964e-01 8.542765430493099998e-01 8.429918428386442564e-01 7.435055081665035148e-01 8.542765430493099998e-01 8.450487695971059532e-01
1.539041608205063971e+00 1.646021184757402223e+00 1.643418372503949954e+00 1.556027429015588437e+00 1.646021184757402223e+00 1.639956640254242926e+00 1.585576091828638345e+00 1.646021184757402223e+00 1.639994594638617853e+00 1.607849908361839164e+00 1.646021184757402223e+00 1.641690643570488106e+00
7.728981911296114449e-01 7.431883252873194845e-01 7.568664177041253271e-01 8.349454871733574812e-01 7.431883252873194845e-01 7.551456218162838629e-01 7.913237225959723897e-01 7.431883252873194845e-01 7.547309436279034944e-01 8.556416938104640657e-01 7.431883252873194845e-01 7.553457866594489589e-01
1.591874739296413321e-01 2.410752379103299481e-01 2.430337568527963232e-01 1.207228249599630460e-01 2.410752379103299481e-01 2.428435645681458199e-01 9.360260295542215114e-02 2.410752379103299481e-01 2.434781783886376116e-01 1.758758156060376832e-01 2.410752379103299481e-01 2.420976128769088132e-01
1.701947352327825902e+00 1.714979382671054431e+00 1.722135433158502593e+00 1.761350353087992815e+00 1.714979382671054431e+00 1.721128106456714324e+00 1.731296412788436490e+00 1.714979382671054431e+00 1.720802927347626188e+00 1.727180010338416061e+00 1.714979382671054431e+00 1.718206108691632927e+00
5.892648355166588692e-01 4.888006393124871285e-01 4.844783981048362831e-01 5.363420774875033992e-01 4.888006393124871285e-01 4.831038216806761709e-01 5.367259309424994296e-01 4.888006393124871285e-01 4.814789408286415662e-01 5.568457873082562903e-01 4.888006393124871285e-01 4.806689893097621513e-01
9.482119405504391141e-01 8.264654201095202879e-01 8.296048783378840996e-01 8.156093183898882604e-01 8.264654201095202879e-01 8.288391874180330854e-01 8.199386574245233206e-01 8.264654201095202879e-01 8.286268870133555176e-01 7.924361285913558151e-01 8.264654201095202879e-01 8.287753652677298799e-01
5.907103045369189731e-01 4.761972398343145008e-01 4.755255334960105662e-01 4.801023188586148738e-01 4.761972398343145008e-01 4.832594256887694506e-01 5.074194505177987979e-01 4.761972398343145008e-01 4.795169959604692611e-01 4.868154468811209390e-01 4.761972398343145008e-01 4.760824031095791664e-01
3.926447037853102451e-01 3.991946797409980929e-01 4.004080733732824360e-01 3.710165446499206765e-01 3.991946797409980929e-01 4.013049144410025804e-01 4.356949875313570475e-01 3.991946797409980929e-01 3.984663687423022349e-01 4.383731442727417105e-01 3.991946797409980929e-01 3.985938039318614456e-01
8.313202478734238454e-01 8.602357235955626624e-01 8.694105215894130101e-01 8.686228880810589192e-01 8.602357235955626624e-01 8.693743100715379812e-01 8.700744401095531488e-01 8.602357235955626624e-01 8.694717747394345997e-01 8.804057281338285579e-01 8.602357235955626624e-01 8.721927377487860289e-01
1.648556722853809386e+00 1.733056080583014191e+00 1.716002942144856602e+00 1.683605489332333116e+00 1.733056080583014191e+00 1.718485142246168884e+00 1.630599899936921338e+00 1.733056080583014191e+00 1.724221744318670924e+00 1.718881811627893219e+00 1.733056080583014191e+00 1.719353050125916882e+00
1.715852964367930333e+00 1.807583409332498947e+00 1.802220017816757336e+00 1.689185460071682687e+00 1.807583409332498947e+00 1.810587010067611136e+00 1.709622021117633173e+00 1.807583409332498947e+00 1.805946721542800670e+00 1.672312224063374098e+00 1.807583409332498947e+00 1.815973656405797776e+00
3.829925519707297332e-01 4.295113204066554613e-01 4.341491651527926710e-01 3.721313146008281003e-01 4.295113204066554613e-01 4.350317334633129196e-01 3.848438842346962319e-01 4.295113204066554613e-01 4.339088785300487805e-01 3.791079439991464350e-01 4.295113204066554613e-01 4.312401213875510231e-01
6.718887364772533344e-01 7.811305108313040257e-01 7.801730842703405999e-01 7.267779573794519443e-01 7.811305108313040257e-01 7.771223483904301510e-01 7.273371856642206756e-01 7.811305108313040257e-01 7.766129626260247498e-01 7.464687909861871251e-01 7.811305108313040257e-01 7.780987148113797103e-01
1.584833219542774119e+00 1.732734917284785681e+00 1.743691306662765728e+00 1.637855738005624007e+00 1.732734917284785681e+00 1.747341023371908664e+00 1.718831333040145681e+00 1.732734917284785681e+00 1.743807228431503376e+00 1.696497199832174951e+00 1.732734917284785681e+00 1.744850520023420559e+00
9.523555714985696419e-01 9.555500271363547293e-01 9.601319876980287660e-01 9.410198819341133447e-01 9.555500271363547293e-01 9.600255752596118519e-01 9.964401332321799476e-01 9.555500271363547293e-01 9.545260677843774300e-01 9.717523363720929064e-01 9.555500271363547293e-01 9.567206537388748266e-01
5.972350887258991436e-01 6.842035845985898757e-01 6.879107853790922267e-01 7.036950762169705831e-01 6.842035845985898757e-01 6.856717645166937602e-01 6.824967114671479651e-01 6.842035845985898757e-01 6.853293331116591114e-01 7.139682514144995995e-01 6.842035845985898757e-01 6.858191628843390841e-01
1.350516876842831282e+00 1.374526722359885378e+00 1.384470838870710097e+00 1.333824533109542632e+00 1.374526722359885378e+00 1.381415590634275992e+00 1.389061749336470308e+00 1.374526722359885378e+00 1.378970922072412009e+00 1.342184628413953362e+00 1.374526722359885378e+00 1.377112211684944576e+00
9.352537163801929454e-01 9.820034554543211058e-01 9.750141708882716918e-01 8.883417155933309717e-01 9.820034554543211058e-01 9.712116593276280962e-01 9.061262378973782283e-01 9.820034554543211058e-01 9.758158800946151734e-01 9.853716853948764065e-01 9.820034554543211058e-01 9.773225348002930746e-01
1.130242002155302350e+00 1.112612226774860602e+00 1.125249896271208083e+00 1.156109801147904070e+00 1.112612226774860602e+00 1.119249578635172826e+00 1.190851740924991242e+00 1.112612226774860602e+00 1.118127375477391938e+00 1.172439579369981777e+00 1.112612226774860602e+00 1.121774750854890534e+00
4.100757041905112588e-01 4.596044722725262099e-01 4.622240556489214391e-01 4.500549952653981611e-01 4.596044722725262099e-01 4.621873272390322751e-01 5.215551361082308990e-01 4.596044722725262099e-01 4.629777787252452592e-01 5.023268575019139703e-01 4.596044722725262099e-01 4.632122342351543409e-01
1.027043933362464134e+00 1.093861638690230897e+00 1.078310697079052360e+00 1.005426147644578494e+00 1.093861638690230897e+00 1.086423179064104350e+00 1.061618356246286643e+00 1.093861638690230897e+00 1.088247483378318670e+00 1.049851138369695347e+00 1.093861638690230897e+00 1.090809977696028055e+00
1.402229577118517589e+00 1.459694908503007760e+00 1.472153335869485602e+00 1.365776511210361255e+00 1.459694908503007760e+00 1.476801751812122587e+00 1.470863568413221412e+00 1.459694908503007760e+00 1.471844453258151830e+00 1.401961021349435788e+00 1.459694908503007760e+00 1.477873634541114978e+00
1.778300486796645652e+00 1.810373490367951810e+00 1.814664932805300168e+00 1.721745136464524872e+00 1.810373490367951810e+00 1.820210695306949900e+00 1.738891777138248385e+00 1.810373490367951810e+00 1.823113949849584969e+00 1.774132796904676068e+00 1.810373490367951810e+00 1.817060479276964235e+00
3.843028252760645747e-01 5.002514791314508491e-01 5.080747330577748411e-01 4.825949309199364934e-01 5.002514791314508491e-01 5.115948697447851856e-01 4.782541832516001290e-01 5.002514791314508491e-01 5.103498408877075176e-01 4.781997699736806329e-01 5.002514791314508491e-01 5.123096245542120286e-01
9.563094290993291446e-01 9.879606452947490292e-01 9.855071426045690641e-01 9.402137034155336748e-01 9.879606452947490292e-01 9.905959435030803339e-01 9.331148154859767452e-01 9.879606452947490292e-01 9.852249518938497319e-01 9.277298871858135065e-01 9.879606452947490292e-01 9.880796705615678688e-01
6.691541921808917825e-01 6.349994121158099025e-01 6.363706075174819787e-01 6.493591632528058488e-01 6.349994121158099025e-01 6.332627956056452456e-01 7.000157505520000489e-01 6.349994121158099025e-01 6.388548350813129106e-01 6.492663019378100975e-01 6.349994121158099025e-01 6.381778940630208341e-01
1.550246898071812485e+00 1.542563511932093512e+00 1.524102059323293901e+00 1.501562169911450750e+00 1.542563511932093512e+00 1.531558431458323044e+00 1.417374290611212340e+00 1.542563511932093512e+00 1.522174624320721037e+00 1.534753441388442496e+00 1.542563511932093512e+00 1.529724503743203901e+00
1.108410898613643836e+00 1.130319095705755394e+00 1.127081691239800731e+00 1.030141565802222825e+00 1.130319095705755394e+00 1.126320616981802747e+00 1.032147923466656181e+00 1.130319095705755394e+00 1.129737549705800648e+00 1.072126337827049802e+00 1.130319095705755394e+00 1.127391885404006810e+00
1.725254232336453475e+00 1.808000564136994948e+00 1.800296278197383693e+00 1.748554507813486758e+00 1.808000564136994948e+00 1.801967752622751551e+00 1.788413416559710312e+00 1.808000564136994948e+00 1.811532256921907669e+00 1.827386887038996433e+00 1.808000564136994948e+00 1.807045678047611181e+00
1.567268713719968787e+00 1.616637196655473119e+00 1.621392983757697692e+00 1.577898496425865327e+00 1.616637196655473119e+00 1.621746867342329423e+00 1.561656288141066051e+00 1.616637196655473119e+00 1.624205839601550405e+00 1.580847917386073664e+00 1.616637196655473119e+00 1.623850447976639799e+00
1.772299564809157735e+00 1.856381860073188950e+00 1.856358838494670316e+00 1.729406010121513626e+00 1.856381860073188950e+00 1.857612710888308261e+00 1.772576221439516875e+00 1.856381860073188950e+00 1.859095749404803932e+00 1.759969134456373485e+00 1.856381860073188950e+00 1.868633207323972201e+00
1.369204975618610653e+00 1.351339280071989890e+00 1.346994708365413240e+00 1.255451991042324078e+00 1.351339280071989890e+00 1.349529058826132832e+00 1.265882324498601719e+00 1.351339280071989890e+00 1.348363327849602111e+00 1.304910726302966451e+00 1.351339280071989890e+00 1.348442721236609687e+00
1.833256549026442084e+00 1.864815178876930046e+00 1.882999895393134171e+00 1.800385530801716705e+00 1.864815178876930046e+00 1.883257463897821227e+00 1.779753216429970086e+00 1.864815178876930046e+00 1.879355739022543048e+00 1.809347120843783241e+00 1.864815178876930046e+00 1.882113649240690023e+00
4.565241708651822106e-01 5.140944549504582461e-01 5.173159511520275533e-01 4.879938872232963964e-01 5.140944549504582461e-01 5.142022885690102907e-01 4.840153692339109193e-01 5.140944549504582461e-01 5.170968638435623488e-01 4.796923869466686585e-01 5.140944549504582461e-01 5.157627833757597591e-01
6.629928759171455077e-01 7.776143815182702257e-01 7.783610636690655449e-01 6.238040691577704244e-01 7.776143815182702257e-01 7.798322162383377609e-01 6.536807564251878588e-01 7.776143815182702257e-01 7.797749448285610230e-01 6.513629400249760781e-01 7.776143815182702257e-01 7.793208129652724470e-01
3.148878582718768193e-01 3.899487993325724267e-01 3.887415744378220905e-01 3.673439223241899976e-01 3.899487993325724267e-01 3.904633095621925509e-01 3.609616159416024761e-01 3.899487993325724267e-01 3.896784712697159980e-01 3.622006796582545318e-01 3.899487993325724267e-01 3.874766257067085440e-01
7.864101263392787589e-01 7.616597984812761846e-01 7.695940296892659349e-01 7.766071946971211393e-01 7.616597984812761846e-01 7.676447532927556106e-01 7.998803799128548775e-01 7.616597984812761846e-01 7.691201095692120626e-01 8.113960646393348908e-01 7.616597984812761846e-01 7.690197935602066659e-01
1.648588336856109837e+00 1.652878686450807155e+00 1.659554901736242760e+00 1.659161814353636188e+00 1.652878686450807155e+00 1.656613443038895017e+00 1.685137367903249528e+00 1.652878686450807155e+00 1.653089142666855249e+00 1.711617831668593936e+00 1.652878686450807155e+00 1.651144330736171506e+00
1.273615656088627146e+00 1.293382711410148600e+00 1.293301248070047205e+00 1.245878291759052514e+00 1.293382711410148600e+00 1.295485037734223077e+00 1.216823235900397204e+00 1.293382711410148600e+00 1.295152339734522151e+00 1.220020905268069722e+00 1.293382711410148600e+00 1.294484226798409132e+00
6.733078457780033999e-01 6.004793779181624158e-01 6.104371975070417289e-01 6.879662306153874196e-01 6.004793779181624158e-01 6.095365923403566200e-01 6.478158757824086234e-01 6.004793779181624158e-01 6.078490556189456440e-01 6.727295234507091326e-01 6.004793779181624158e-01 6.078329574503114063e-01
1.482165773273812714e+00 1.571160171295857610e+00 1.566923766802447604e+00 1.507287331392047847e+00 1.571160171295857610e+00 1.565309667730577337e+00 1.498138303356696177e+00 1.571160171295857610e+00 1.560407653775042869e+00 1.473530546983472078e+00 1.571160171295857610e+00 1.569557207336158777e+00
1.133291991558648792e+00 1.416249159355432718e+00 1.416209195417391653e+00 1.133262669258217503e+00 1.416249159355432718e+00 1.415078879423493863e+00 1.174483175536157109e+00 1.416249159355432718e+00 1.416447941291913093e+00 1.155867728347217627e+00 1.416249159355432718e+00 1.418121972651577689e+00
1.504969657809720252e+00 1.605553189403372549e+00 1.612922551174671204e+00 1.511244278587890122e+00 1.605553189403372549e+00 1.612630100188507942e+00 1.485903882256299102e+00 1.605553189403372549e+00 1.611543594662522949e+00 1.469307564503935515e+00 1.605553189403372549e+00 1.609500976875833045e+00
1.542381876984108446e+00 1.506417882621243987e+00 1.500578453896193043e+00 1.418366219489206825e+00 1.506417882621243987e+00 1.500281544856639115e+00 1.513946587189473059e+00 1.506417882621243987e+00 1.502051711756672958e+00 1.472434793353950777e+00 1.506417882621243987e+00 1.500785869422331498e+00
4.859576877582911236e-01 4.418490049972671474e-01 4.431943449208115560e-01 4.762454591390635206e-01 4.418490049972671474e-01 4.437267012792371901e-01 4.690604093069621339e-01 4.418490049972671474e-01 4.452324494397229548e-01 4.820147467300109345e-01 4.418490049972671474e-01 4.427760899271557804e-01
7.445672027528047465e-01 6.469595109876049577e-01 6.536592003362287073e-01 7.607532846830681317e-01 6.469595109876049577e-01 6.500614162133077079e-01 7.511095198182711208e-01 6.469595109876049577e-01 6.472704125137893616e-01 7.189676089200575104e-01 6.469595109876049577e-01 6.453218022944506860e-01
1.202708534954177066e+00 1.320037598705136928e+00 1.316801959376648679e+00 1.266216422942554098e+00 1.320037598705136928e+00 1.309632403107244603e+00 1.211803505605359321e+00 1.320037598705136928e+00 1.317798729440242012e+00 1.298920585237388625e+00 1.320037598705136928e+00 1.312336818326919508e+00
1.015202612246210556e+00 1.053127380839324445e+00 1.046445693627513718e+00 1.083041635194821328e+00 1.053127380839324445e+00 1.051178192409635281e+00 1.072468665116042885e+00 1.053127380839324445e+00 1.053013488687076116e+00 1.051153426844372074e+00 1.053127380839324445e+00 1.053093121351968531e+00
